11595060
41943475
99073577
2851222
13061306
20684774
28965542
42172427
52699490
66219039
100806689
7234791
9528425
9979642
41759793
61822131
99436582
3364545
7685661
20601288
24999385
39506004
42080368
59394101
73740605
4734543
10219334
27406556
32453698
46170837
51223498
52465720
11256667
13047207
13593381
27360498
27756171
34860649
39530095
43933293
59650728
79709321
96382470
2248905
22507676
30235627
30455666
34629284
72405233
83808371
10527161
27395935
30066420
35850409
44737543
52322745
3080
5613772
21225082
36788132
41755257
53314882
65145607
66219176
66606780
13061710
13335107
14962074
31482988
52989942
